0, 35.49569473254104
1, -63.984735327210764
2, 5.925952093534221
3, 43.36068603169875
4, 27.35737048353613
5, -93.11633953285741
6, 41.02384789240975
7, 97.45960967446476
8, 53.364677771104084
9, 12.242485656887297
10, -67.77181401050984
11, 49.769248985710306
12, -50.723177376118954
13, 98.00184704541516
14, -85.36247696367516
15, 23.37784286891062
16, 23.91035550212112
17, 83.68945421942479
18, 45.859677778564674
19, -10.045238244087557
20, -80.8774435048438
21, -70.6534368374819
22, 68.88294913625418
23, -17.108228821217992
24, -39.49905055022891
25, -60.28100452818816
26, 13.185978041833039
27, -69.75555070485863
28, -25.38663898753593
29, -11.349766272225821
30, 58.44056704019948
31, 23.417096728079898
32, 19.24764201852875
33, -9.662950519566493
34, 52.843302576081555
35, -80.4384493235462
36, -66.50389587735282
37, 46.93619268457172
38, 73.23896411704419
39, -8.531327517357298
40, 99.3580345085249
41, 0.2598779949130261
42, -31.726396432783716
43, -76.25148516586276
44, 78.04289105776931
45, 45.32973011585463
46, 70.73270770386597
47, -85.20198719956822
48, 19.49787355657402
49, -8.495358567368584
50, -72.84202494307121
51, -52.327473295416496
52, 13.723042160736384
53, 3.551618028417323
54, -23.87749644716412
55, 30.595152244282673
56, -69.68495534627787
57, -44.262771052856586
58, 96.9927683210492
59, 59.45611327422401
60, -54.849159567985595
61, 6.654717191147498
62, -66.45091636567098
63, -32.9620258919125
64, -22.96479328231682
65, -88.17658167929774
66, 53.498693873629605
67, -16.823918193322058
68, 11.439344179914059
69, -68.83902902345758
70, 92.81144844023882
71, 30.94795787159373
72, 90.6590716617296
73, -92.4213521205246
74, 4.218286169782658
75, 23.921469584560967
76, -80.2572899947084
77, 91.10070306793455
78, -92.1142313752469
79, 1.312445866105179
80, -98.4375832232389
81, -18.38900103287932
82, 93.15489356689633
83, -36.58263293898896
84, -75.48220968730995
85, -38.096767679752986
86, 13.615766687875691
87, -73.5982336255656
88, -80.70033566629593
89, -53.34196580079469
90, -44.565675180003254
91, -48.20935292784006
92, 25.25056646138964
93, 78.46457469004307
94, 50.349618702228184
95, -59.83435462714595
96, 24.134976087446375
97, -14.225003869386782
98, -38.421804542338414
99, -71.3852227868915
100, 22.541957033733937
101, 64.64406204331911
102, -96.75142547343825
103, -18.566953916720536
104, -55.50162306865525
105, 5.654727382568382
106, -97.2792448133946
107, -59.940679045082156
108, -85.66613676175056
109, 59.03631336853525
110, 11.06036490844133
111, -60.031471955333785
112, 9.396596499968311
113, 50.314282082878435
114, 16.235764189885856
115, -24.135706789862894
116, 54.41030876293209
117, 97.15854781184831
118, 64.00292986127269
119, 87.03029924224208
120, -11.599843417834037
121, -55.91289982068521
122, 24.04738988603343
123, 96.80854714593585
124, -55.862192171336964
125, -44.320296740477175
126, -94.05574348553243
127, 93.59983846881144
128, -84.28952229190246
129, -36.033478086869565
130, -81.31994609727388
131, 28.72926756602817
132, -30.353789823476845
133, -62.036540818257244
134, -84.66902898618468
135, -49.13195406763686
136, 35.36485523177558
137, 1.5175035128239784
138, 99.40077733800024
139, -85.94238803976484
140, -60.50966494961152
141, 17.228141265544068
142, 10.777374732195838
143, -9.064162963937775
144, 85.98373414847958
145, 37.12349479660449
146, -45.84047755080716
147, 83.21785487973733
148, -36.94299676338464
149, -52.217018646653
150, 96.85216487695448
151, -36.53794344503294
152, -1.974954944285173
153, 0.4996845280714268
154, 66.18922722612012
155, 61.429566744873
156, -51.116757184757454
157, 8.406332076751681
158, 19.472382722130675
159, -28.563754039638937
160, 27.269888559146693
161, 43.81594357464397
162, -66.0541017463663
163, -85.57152211402473
164, 90.71639120879982
165, 18.09603410842317
166, 44.23467062552493
167, -42.2060985707315
168, 30.79984282162377
169, -70.63341597477728
170, -12.410695516730172
171, 46.25811156042647
172, -9.218112900420266
173, 99.68003565147765
174, -39.449561055811074
175, 52.45217133578879
176, -50.97487334848263
177, 37.244759651983344
178, -86.94254547663931
179, 47.34596806468707
180, 68.92723334840886
181, 91.4538317149208
182, 23.431820882623498
183, -2.552881133731958
184, 53.60115854651116
185, -80.08430767896415
186, -59.822930878895896
187, 80.12929126242796
188, -42.82152691485024
189, -25.340892519636043
190, -8.090655452460794
191, 57.475220939531624
192, 75.20709651763605
193, 13.904545232827232
194, -90.76806925209391
195, 4.7686136248048285
196, -83.48238120817975
197, -49.85211915159482
198, -99.48900324481045
199, 61.87268624304082
200, -25.736957968745756
201, 72.33371268250829
202, 38.17291307590514
203, -55.05147020890184
204, -57.43061455424605
205, -64.68554476221478
206, -44.4899526453495
207, 76.19416980501731
208, 54.065091687285076
209, 98.91715609248351
210, 47.18157456403557
211, 69.08137801367852
212, -36.19082944807839
213, 55.34758460371151
214, -99.90600420971059
215, -23.76521889225718
216, 18.38998744372455
217, 39.275234084099765
218, -15.428283303019612
219, -48.98538061909819
220, 66.17719837609951
221, -11.150016584504499
222, 94.71362321917104
223, 31.978310012214195
224, -11.888308194242597
225, -44.65682417307224
226, 5.860327575083616
227, -14.31323997294713
228, -94.35626068886344
229, -71.18339055108163
230, 43.24704144478301
231, 11.796577645235502
232, -77.23079958444794
233, -73.34300336583794
234, -97.40675793326714
235, -32.42673927940784
236, -48.4638258897303
237, -15.674828203397269
238, -35.48064958027186
239, 34.8481545687786
240, 9.642639680377087
241, -86.25921931004355
242, -75.42441384071961
243, 25.69662448888927
244, 58.1465447015583
245, 60.052983307857545
246, 98.23530818355786
247, 62.253616357515824
248, -31.02302425588894
249, -36.67610887446753
250, -84.16311055668294
251, 84.78627345194633
252, -96.14689013301525
253, -92.81221880056867
254, 19.46980693864768
255, -33.13106863256749
256, 68.3654160531978
257, -8.033436226416129
258, 37.521911341735915
259, -2.1720239812425888
260, -47.77632295935932
261, 94.05657271235424
262, -75.63825396914055
263, 78.58115560189646
264, 49.26960916546875
265, -0.14023820353949645
266, -36.10176364157223
267, -43.993539287078946
268, 16.69204277749799
269, 14.303583047376065
270, 27.867845644717377
271, -61.89697786952593
272, -39.89413995888849
273, -91.44704067727898
274, -37.276812836753436
275, -71.42268217524963
276, -88.20567892044551
277, -14.666108172180728
278, -68.52060790661372
279, -98.00196950021906
280, -47.556354167770756
281, 93.64246448928932
282, -96.38348605834739
283, 69.479174324442
284, -40.98389373598499
285, 22.00822644531297
286, -58.64535294630808
287, 51.21680952526043
288, -58.07917445207165
289, -20.79435978401378
290, -24.635460820399842
291, 2.977918710138667
292, 3.101692962665112
293, 50.72681550897812
294, -43.88879132550152
295, -62.80086959859232
296, 44.20144807829743
297, 80.03231900063065
298, -40.27318628050025
299, 25.205038463292937
300, -97.62297443396673
301, -17.92383239797175
302, 50.47129730088264
303, -55.313805006228556
304, 58.044100997442825
305, -42.13626820300209
306, -91.02253117141869
307, -34.03128282705063
308, -30.455455889729464
309, 35.90779978765133
310, 83.04257655804989
311, -15.609632824437526
312, -35.105598877907724
313, 60.40372416755088
314, 13.095705317718043
315, 89.44177661973606
316, 78.52084332020729
317, -94.40190573872655
318, -14.610488846770721
319, 39.572357493536856
320, -28.511567534335995
321, -24.48297670681147
322, 0.4431421660497534
323, -23.95935723404496
324, -74.66317411960368
325, 36.4905608402494
326, 78.71822277089464
327, -65.99898661426036
328, -13.716930734993468
329, 77.05851857618785
330, -90.81587158592603
331, -96.97355744037068
332, 13.861455875298873
333, 24.7229566923137
334, 84.66944325501058
335, 4.059300467913289
336, -36.55205653861231
337, -81.56478921871971
338, -98.79636341001512
339, 7.638329712124815
340, 91.55899548836035
341, 96.35673390881627
342, 64.31120853871107
343, 86.84102865379248
344, 45.34285511896036
345, 27.12454360645573
346, 66.23748687178767
347, -30.459876309694906
348, 54.03840284108114
349, 35.78298859466119
350, -4.732482633545359
351, 58.31558605614279
352, -20.00792397026349
353, 5.348699983783661
354, 41.382465327310655
355, 80.91308784318531
356, 97.68002297327953
357, 13.616197512741437
358, -72.07166017569298
359, -38.032386202438204
360, -63.16314395473164
361, -90.42829240636186
362, -62.100297740591785
363, 7.951873448991492
364, 19.401257896491785
365, 11.62390750906981
366, -80.09560685843773
367, 21.768213570173828
368, -27.81783127851496
369, -91.68592415582029
370, 38.96315476070734
371, -3.8352900538892243
372, 77.93868029421219
373, -89.17909615235327
374, -0.16884363604773966
375, -39.30821320820852
376, -49.66745159224626
377, 38.793370935506374
378, -11.78375581200251
379, 73.51641799493501
380, -41.95004612560091
381, 35.94158469147925
382, 48.447796596749896
383, 74.17405879340012
384, 20.5565330201225
385, -52.08726096858196
386, 63.840327097461255
387, 13.72440267658368
388, -58.238560637517
389, -0.03531219574300337
390, -48.80986870797439
391, -56.54136047061063
392, 9.723563377828754
393, 53.556366337660364
394, 1.2236120570013043
395, -32.53833973267868
396, 95.93489794235467
397, -83.59611857397438
398, 43.34263268237507
399, -3.643058066257865
400, -75.82957012205658
401, 2.673596490457001
402, -68.44612119879265
403, 68.72319757417097
404, 92.86239605020529
405, 96.02455455715625
406, 37.20382100210159
407, 26.793143601513165
408, 97.16987170562962
409, 85.27070290281279
410, 6.503649254975713
411, 6.948068071291132
412, 23.551388033764283
413, -48.76990170258615
414, 85.76164932114338
415, -97.50664986078755
416, 65.1055819420213
417, -35.553065044487525
418, -97.25351818783712
419, 53.25643184732121
420, 82.42283764536415
421, 83.53504483984844
422, -95.70482211780946
423, -76.56672415949339
424, -71.03773608014761
425, -93.19060553209444
426, 2.659880696015634
427, -69.11318611729227
428, 81.63917571984868
429, 56.61602931217334
430, 9.245529739243679
431, -88.62950962138758
432, 65.76684992618942
433, 74.91502200117264
434, 87.32320798317696
435, -95.72622892424427
436, -68.13419850779903
437, -89.4021522329922
438, -61.32118317347144
439, 13.41206281831117
440, -70.03532199016172
441, 35.77831721336665
442, -19.962631949335147
443, 11.125904439742527
444, -13.612928315408254
445, -4.765736954998843
446, 39.21802611189196
447, 36.29419728257116
448, -74.28634847292896
449, 37.68261021678779
450, 65.09409714796038
451, 61.29044061367722
452, -85.84637762115786
453, 18.82442117218646
454, -62.79004400914157
455, -39.671260310989375
456, 12.467880497565133
457, -41.58320013902479
458, 92.30069493705349
459, 69.4670503645558
460, -13.812530462439724
461, 79.20765161891634
462, -2.2278724586518877
463, 55.39615795002507
464, -59.25724900339213
465, 21.202382967021975
466, -25.00451972398669
467, 79.15993085477893
468, -57.8586598265711
469, 20.863158024004406
470, 28.835352781419488
471, -18.806189780196632
472, -88.36156999973332
473, -25.426193878956596
474, -50.20870876518717
475, 21.75651857349854
476, -94.0984780495156
477, -58.32878020325181
478, -17.727704968513706
479, 59.489175989439644
480, 99.63372465318284
481, -97.19082397565712
482, 84.62438303258858
483, 71.82692941541276
484, -36.66541938792249
485, 80.04925515249286
486, 67.87377021573201
487, -49.10828426738616
488, 85.48960851567028
489, -39.98460011276579
490, 37.86448478800105
491, -34.57347970697349
492, -37.27919619893385
493, 8.21309680916751
494, 58.765054043979546
495, -83.3221068035815
496, 46.30337954720639
497, 97.90597722677438
498, 79.86107527590352
499, 66.84601633813836
500, 96.79547226318888
501, -93.66123176756159
502, 59.93198288827551
503, -63.417473550975664
504, -36.10359374037779
505, -84.13146482075125
506, 25.1725393421206
507, -35.48581255855801
508, 14.615840386757384
509, 87.94496310101519
510, 68.67379691582781
511, 79.47417489326986
512, 94.12111923124883
513, 79.82000425512157
514, -33.9086090860971
515, -40.76497481679115
516, 47.8542881219974
517, 48.90184871796302
518, 88.48669812696346
519, -88.58635014045232
520, 47.07126595682507
521, 26.993305345565673
522, -83.03515294900987
523, -84.14699870813264
524, 77.97899866033612
525, -47.50669586989771
526, 35.300136158789996
527, 65.20427901149205
528, 92.02587521496147
529, 61.7516524275693
530, -56.328535490024855
531, 10.305404509146896
532, -39.11869375276667
533, 80.6683847146706
534, -86.10982233244344
535, -5.582729748759945
536, -95.98417237831104
537, 16.273701220568256
538, 21.896616302732227
539, -84.18093740317572
540, -92.82779021232659
541, 76.56996923099854
542, 13.47637337798298
543, -36.2400750693815
544, 55.67948713100341
545, 47.72249670587391
546, 82.20640727560951
547, -19.17121144349285
548, 60.927074317318926
549, -64.42433083113062
550, 78.36444912293365
551, 24.84680696701598
552, -80.81797984049035
553, 89.49028822281616
554, 86.97555797498998
555, -82.82317986132269
556, -7.6627402618561575
557, -45.67832257712068
558, 24.57896430947035
559, -72.45071469751153
560, 77.81534710800253
561, -42.94581697483566
562, 27.626020453225266
563, -6.019152795006306
564, 76.2488626586036
565, -19.92976415798877
566, 85.58710523070621
567, -5.1920768380458355
568, 60.14802609650039
569, -52.08618590570933
570, 52.861650833050106
571, -26.090912778457806
572, 30.20440149276658
573, 78.26187254710021
574, -37.50247582939388
575, 95.35824558502068
576, 30.682625757321432
577, 1.3226969117038294
578, -30.36384882834389
579, -97.29713340259832
580, -6.847903075340184
581, 15.567217340440905
582, 74.49692828331803
583, 37.20416194637647
584, 8.33739328113019
585, -47.24790946444995
586, 17.858999191403697
587, -97.29355910576838
588, 19.75760755435931
589, 79.26324466865069
590, -46.96361243430574
591, 16.011291539463812
592, 44.54648355228633
593, -60.77590621410673
594, 79.13296499877029
595, -54.289702400162994
596, 61.688327724779526
597, 61.42998507937392
598, -63.26188390054413
599, 66.13155165972634
600, -39.77856392795014
601, 46.3377044907719
602, -69.46518175808902
603, -54.60844788691907
604, -82.04886515228608
605, -41.58829331891114
606, -57.97662525585152
607, 67.60928589660966
608, 26.666876077219797
609, 65.41956210081375
610, 30.882230001015188
611, -64.58184761772384
612, -6.8215278905220345
613, 73.83180837433324
614, 64.64117987959733
615, 85.88496782962483
616, 48.23677875084195
617, 62.14444223778011
618, -71.0246229293565
619, -70.66164418797385
620, -62.44495217769619
621, -84.68501911620481
622, 98.04588149168961
623, -25.12574274814456
624, -32.89129961248372
625, 23.775399934684785
626, 97.40251977048985
627, -85.56291950057924
628, -97.52406600311309
629, -40.181944167646975
630, 7.7014632718783105
631, -84.58279467331937
632, 1.3587243743614152
633, -44.772626565658015
634, 35.68524490272077
635, 45.27307920516904
636, 26.300254912338957
637, -14.462547998501307
638, -96.42526752726911
639, 70.5160856459787
640, -36.5828307277799
641, 13.206452194668898
642, -43.30054372715468
643, 46.294625314041554
644, 72.91663807947359
645, 60.7106869469913
646, 30.944048873488867
647, 51.333536435625604
648, 98.32411829673183
649, -35.19952463888691
650, -63.45925545094006
651, -79.37619111257939
652, 97.99378395702394
653, -92.13708390620876
654, 62.17729567818543
655, 33.25226381400344
656, 33.116378853734034
657, 88.19192606789491
658, 21.62687698694627
659, -52.493002638133724
660, -59.44416520801099
661, 39.83143928476369
662, -38.39220552330105
663, -99.7865230930924
664, 47.73351391432823
665, 89.85096003352908
666, -91.24266421754514
667, 59.32993791457977
668, -41.32369042097592
669, -73.68146201615573
670, 6.417514703397416
671, -35.34981636204438
672, -9.666421029228545
673, -91.52436710470913
674, -96.10815973396892
675, 76.88075376630476
676, -11.661466163588742
677, -42.905220528982426
678, -57.954061269262795
679, 86.98833751564933
680, 32.20598565640046
681, 3.1552943299885783
682, -48.339427861516015
683, -64.50868076863357
684, 59.68336860423159
685, 71.69127360456565
686, 57.239419297521835
687, -26.447021812835402
688, 71.04881659330741
689, -65.89662339689895
690, -9.306789172228918
691, 52.84925744679049
692, -0.5139791742432465
693, 12.322906859719666
694, 83.37145208867213
695, 55.77223211337639
696, 20.98817708486105
697, -18.665566744371716
698, 24.305340930269566
699, -67.85070408250225
700, -47.26591439661978
701, -39.5819056317426
702, -42.91754868555129
703, 79.99914736228183
704, 60.62155102888863
705, 82.76895193231982
706, 57.25499380551585
707, -14.111666525006598
708, 51.41750663133297
709, 78.55485378201416
710, -48.381565456258315
711, 37.939503257708054
712, -28.563355060404774
713, 8.748744665712167
714, -70.56847691318669
715, -70.75939966531777
716, 58.02126556725463
717, 28.86609323239003
718, -18.376415721745644
719, 61.51291130321431
720, -92.23008588348604
721, -46.37778991662358
722, -68.39884216949898
723, -69.73223194195191
724, 87.38671279785984
725, 89.90395254406516
726, -84.45932800403044
727, 8.277059988187702
728, -88.18441448861556
729, 57.98150292995379
730, -80.15922504510192
731, -24.294426105971567
732, 34.135065442606134
733, 35.20288407178958
734, -85.81035684960325
735, -56.01897021679007
736, 70.7076544017161
737, 14.08328828797434
738, 99.6813511904542
739, -88.52396101158757
740, 59.01276309026187
741, 63.628034129709874
742, 64.34939744021824
743, -80.12563185032839
744, 51.7330856619576
745, -81.70071861762081
746, -94.46998220965288
747, -53.247856870211294
748, 1.958250060772727
749, 7.945262030347152
750, 50.560721206448136
751, -59.323830233853215
752, -14.627167271459143
753, -35.360526530163526
754, 87.51361115737569
755, -88.02307660902338
756, -69.405913254188
757, -17.399925085078678
758, 93.5928529738488
759, -66.02381891996254
760, -14.883958088415852
761, -51.825258908705884
762, 75.03068120259508
763, -24.826082760978835
764, -44.452793744239315
765, -78.30776445657217
766, -89.18084513350139
767, 66.14633574318242
768, -92.0428637240048
769, 61.47237790587491
770, 71.44884160870816
771, -28.067530257021616
772, 95.74288912557384
773, 88.14105665617765
774, 3.8057678866016573
775, 13.2519967670587
776, -95.65350671520953
777, -33.87030270767923
778, 22.963212712366854
779, -49.99506924473083
780, 9.178272164554429
781, -44.88983991649991
782, -42.435871156209615
783, -53.921594237581694
784, -96.59844980016669
785, 67.64301124767223
786, -90.74740125170895
787, 31.075248348437896
788, -8.224728334060643
789, -99.39042520804068
790, -77.42918115157688
791, -21.943378136276053
792, -76.31428417371622
793, 56.06674839856316
794, 59.11089642294388
795, -8.613072021102752
796, -2.302703930555367
797, -72.31659326214307
798, -51.594589885025385
799, -28.59055329217692
800, 83.41021642301564
801, 3.521479814851517
802, 66.24421471165692
803, -76.69069406757451
804, -7.608297441943208
805, 32.71627986640934
806, 15.087356649444004
807, -7.846788831535761
808, 25.03868871039667
809, 51.127537551669406
810, 59.38769329255095
811, 94.83993822271941
812, 79.8970407000794
813, 57.797657958975606
814, -16.189463772870738
815, -57.875833431655785
816, 4.0000615085783835
817, -18.273282272217187
818, 50.07318798379151
819, -56.93722891131632
820, -85.96963778188957
821, 65.45666791487028
822, 1.8444671104711432
823, 3.5466511862960175
824, -52.806702928644135
825, -92.98790239900303
826, -22.47849652985292
827, 25.567258180650313
828, -27.287466832646686
829, 71.33479559269705
830, 68.54585983429777
831, 70.21674126441201
832, 95.78527341770953
833, -59.79244862203843
834, 77.26856796359132
835, -47.90667403398747
836, 2.8082293611125806
837, 22.72340928073187
838, 74.41508358062686
839, 47.2582796820644
840, 15.43735162026745
841, 14.18766762050683
842, 37.86934908382128
843, -54.99882582280573
844, 67.5884768456857
845, -46.73686409611173
846, -82.64576364081279
847, 41.747878654083564
848, -63.44221284912468
849, -56.5115665273628
850, -84.10278988892144
851, -23.887694011918697
852, -59.265332784174696
853, 63.18360065416337
854, -35.87078953949177
855, 4.915594073673972
856, 57.455153470929645
857, -68.69723352477115
858, -85.46304092979481
859, -10.001210495158432
860, -5.085664152242856
861, -22.594294544414566
862, -26.046173170578243
863, 77.93945822525845
864, -16.322182423383722
865, 23.383644382563702
866, 70.47181742365825
867, -21.67706992453145
868, 52.484552735151
869, 90.31453160468442
870, 94.64575027719971
871, -72.72288260397137
872, -78.16335337411601
873, -82.73151696423433
874, -87.38050463414466
875, -51.08688306173386
876, 28.20791019261756
877, -81.14288154470937
878, -32.94082942402228
879, -23.381482843475084
880, 7.138110812626053
881, -43.75034441853938
882, -82.44560568416821
883, 51.058182956635505
884, 60.85330194950055
885, -21.025434793862317
886, -68.57590171848466
887, 90.2840168483227
888, -56.503916451712755
889, 36.70676237336227
890, -0.40211113262975573
891, 60.92494751797355
892, 74.38774170099842
893, -58.42088029089094
894, 1.5159790326125773
895, 54.82064834047563
896, -50.760779789147634
897, 61.774231181054375
898, -10.090336348394118
899, 37.480232637378975
900, -79.44480085023555
901, 86.58892635243137
902, -18.91088519600153
903, -0.1918608631792864
904, 92.66997068745331
905, -26.441082447425842
906, 92.98156141061264
907, 79.00498364325836
908, -99.57767742022527
909, 6.682876372746733
910, -32.54403384644138
911, 93.59803666704082
912, -32.60363724626987
913, -48.33119729666046
914, -72.21315877515433
915, -78.8124140010165
916, -75.5762434926124
917, 69.92295064525655
918, 85.00131099678467
919, 89.79756775093551
920, -14.662432196980092
921, 47.450987632077926
922, -76.170006757875
923, -56.99102236032487
924, -46.22719249075173
925, 31.98508130892725
926, 90.08634393791684
927, -25.250713414599588
928, -69.0102931918918
929, -33.76250106493059
930, -81.53349181634266
931, -37.29320960849998
932, -79.1586679082122
933, -17.233334522097437
934, 9.822976918747585
935, -30.256887010032457
936, -11.487028433643658
937, 36.24547451995036
938, -92.11054152371693
939, -83.62129272355514
940, -15.170328945512452
941, 18.025831844644685
942, 89.31392124329292
943, 20.329968424486538
944, 98.00881172290599
945, -33.06448279740178
946, 30.350439035300383
947, -53.12251806241848
948, 50.74485002759707
949, 9.814237384734852
950, 10.704923841274592
951, -26.850757840686157
952, -90.26290027558514
953, -85.74204033876747
954, 81.995670939496
955, 9.722314178001184
956, -97.81311373605732
957, 98.32395671798542
958, -45.77493682676186
959, -47.72348528601296
960, 12.130400477224114
961, -73.32641567007343
962, -58.2220655565733
963, 96.45599224936231
964, 18.752630671463706
965, -30.307109322388342
966, 29.873670781674548
967, 76.78374770415758
968, -71.1455143281178
969, 63.85944686187986
970, 98.92027820799098
971, 0.6812701561802186
972, -22.396554684012898
973, -62.28753258025876
974, -2.550316447925823
975, -81.24635308685518
976, 90.59735610703305
977, -84.17433070873533
978, -15.947013632997354
979, -15.450181923254803
980, 49.83532372402968
981, -26.444541760370413
982, -71.73394311437664
983, 82.94174951624063
984, -54.89202104031714
985, 82.92657638828553
986, 20.97646276831459
987, 74.77989362817377
988, 38.23742811457066
989, -61.47934475947427
990, -67.16639950842819
991, -90.42878647928585
992, -17.181387174114036
993, -45.51410141873564
994, -89.23427789095257
995, -39.558209025418776
996, 52.79746392791654
997, -83.5163282638477
998, 36.59030763266574
999, 68.12262578752214
